2
8 5 1474
10 5 1467
359
24464 44984 2963
23281 44848 4146
491 23296 3962
4827 39978 5943
14604 30466 2392
292 13444 154
18716 51369 5422
5447 36653 1896
11538 27267 2772
25667 36762 1913
9894 38850 5036
381 59774 5812
4664 48175 5674
28253 43681 1712
27644 43429 1548
20037 46686 2758
9741 50890 2724
12316 19246 779
1842 23085 4191
9040 18517 107
22648 56419 1265
15890 51649 5806
15350 32211 371
24393 33451 1102
12623 44857 1630
18756 40371 1955
7376 46142 4967
16944 29416 2309
11323 19995 627
16118 35895 3539
16541 46024 4930
4639 39877 1116
9930 47432 4705
31673 48801 2307
28745 56195 5022
6270 17464 1073
15573 34560 2778
23986 59841 4513
18636 56801 3162
23655 43069 768
12052 59562 4032
16941 44420 1151
3430 44372 1967
18007 30304 192
12287 57330 3458
14945 45774 4384
9758 45029 2210
6422 34313 589
13030 46978 3507
900 59336 5169
1655 22880 763
27624 49961 360
6483 51823 3549
3602 48162 4042
30836 53965 4292
4596 53722 5021
23199 59612 3349
8281 15440 485
1999 28687 54
6900 30383 3939
467 4835 128
24648 40718 2894
2421 45771 5808
22813 35417 618
7616 38101 2310
20600 53109 5452
31556 59419 4520
6224 18752 304
1833 46047 5845
3195 37195 2703
14343 30148 3094
29314 46757 1588
25200 45903 1449
20580 43471 619
15281 48865 2799
28009 51164 2799
23622 54525 2473
6038 31682 293
29657 38570 191
19815 43663 192
11511 33498 1157
24272 57502 2635
22646 34943 2329
18875 55052 4887
20142 52318 5870
21881 29929 1417
18651 50287 4323
3557 32589 5700
24389 48929 3893
2600 28675 4713
26869 59750 3004
13401 36635 2689
16423 37705 3256
24182 57397 4586
31426 49228 3089
9832 48175 5758
2154 48725 4170
19976 49105 5190
28692 42498 2369
3434 42763 4556
9512 46867 1442
21718 25776 61
12423 49402 4140
16687 39201 1997
17437 40239 4550
193 28138 950
20416 42097 3298
24488 46317 4106
25734 46128 456
31316 59847 5702
12263 45511 5787
31185 53018 356
10808 17205 913
4313 46799 2946
19558 45981 4322
481 24540 3983
20222 53336 5197
5535 36795 2162
10466 48380 5174
26292 55622 3660
20024 58741 5254
4745 52949 5511
8313 18722 1187
2168 36301 4023
9905 31803 788
10202 20787 1392
4414 26118 2478
29334 42791 1825
20159 33857 373
7487 56139 4071
8177 33545 1519
1763 15786 2271
13985 43052 5193
29213 49245 2481
4099 58641 4803
1543 16597 2626
29972 58335 5024
31003 51257 2182
27593 58336 5506
8492 13794 1032
31286 57465 5223
19187 37052 1901
30974 53400 4414
235 56923 5171
25760 53216 1712
7285 43175 4668
13694 17094 141
28019 48269 3625
21694 57237 2577
17371 51352 2303
22593 55826 4679
1018 36907 1485
23152 41552 3120
31060 33426 88
4757 51982 3011
9576 51383 2316
22758 30142 44
7882 50518 5110
3487 32210 5566
2625 40627 2475
77 53650 5630
6902 44469 4521
24596 28953 124
10195 49030 1262
8260 20787 1265
5030 35941 2117
30771 58072 5012
21153 50413 1548
14924 57945 5791
4940 44611 3764
13829 48044 663
18958 52633 5714
13007 36314 2366
26058 38502 1201
12760 43637 2304
6477 23210 2325
14887 50258 3114
14460 39857 4851
27384 51759 994
31111 36335 541
32356 42608 836
18823 45640 5351
23216 37627 2557
8526 38673 3358
23271 53750 5338
12896 52728 5362
10112 50919 5618
11585 39111 697
24129 50478 424
6559 38321 4566
29855 54732 4297
3584 58133 4963
16972 41704 655
22532 37345 2370
2483 16434 2608
10067 39341 5636
12938 38541 4676
23754 50980 4143
20175 49228 4742
3221 50221 5826
31934 55274 1627
23850 50168 1784
22701 56294 4280
1637 31846 735
1993 39954 5557
6962 26040 1706
300 34123 3882
19855 50984 4642
11462 44788 1143
20424 57492 878
18443 55504 1753
10040 22723 674
20072 37270 876
1017 19004 611
30695 55688 4113
20040 54086 5832
19090 44536 4686
25990 54085 2590
19314 44735 1354
22044 47007 2741
8759 21631 336
25264 45475 1606
3829 50124 4504
29292 48334 2609
29556 58612 5550
6467 44148 1628
31240 51592 2130
20601 52553 5175
8683 27976 2216
25824 57178 5993
15759 45394 5393
28027 44256 2429
18786 54664 4076
6287 34989 971
503 34749 2605
5706 31389 4664
22171 41940 3011
12164 38911 241
20913 36604 1620
31818 44575 705
25205 33935 751
303 19425 1540
11247 40326 3099
2971 29080 1649
11075 57190 4914
17546 59789 4713
15262 32631 1770
28289 54163 1986
18540 56115 2866
28318 39595 1509
28323 53797 3602
27152 54604 473
29763 52987 4571
14423 43470 5104
26969 58935 5601
28 49401 5566
2088 11771 1348
22409 52062 638
4681 31519 5050
608 59383 5343
1758 47822 3222
14146 29281 2889
12843 44023 1950
748 35920 1621
20783 44970 4537
15185 33358 2227
25629 56123 3854
19923 42027 3749
24766 41000 2258
23318 48921 2956
21025 48440 1412
22549 37055 1002
9515 30404 585
8075 52703 5343
31196 57679 4143
20426 40397 1073
24429 43001 2174
20626 53968 706
30093 53538 1376
14736 38982 4037
5994 18325 815
23936 58039 653
1355 34785 2483
18230 41731 1132
2011 47778 2626
19690 42275 4187
21634 50790 5663
21416 56638 4354
7262 39540 2009
16303 43789 5455
14256 25924 2304
12317 42155 5125
24028 48355 3110
21318 53581 3081
24155 55771 51
11903 31904 3265
26909 55415 5644
28489 57545 3562
13653 50742 1283
5402 23430 2221
19369 42407 3832
19008 52927 2260
30003 59866 5972
26504 57806 3782
25313 45441 2686
12722 46610 5590
6410 43061 1038
12508 23644 235
6493 27808 3960
24937 31442 1270
14700 28966 59
15117 42657 2265
7815 28925 556
30212 45522 3040
1954 38454 4083
24484 40851 2711
29815 49390 2381
18115 22504 542
25898 57430 5111
23977 46054 789
28689 58628 5957
12941 48776 4009
21363 30011 1724
24778 37903 1185
1885 49219 5072
11333 39560 1072
14295 57233 2154
9676 39435 2826
2598 29162 4651
4686 58236 4694
12249 59501 4117
26679 42188 1529
8405 44341 5422
7516 39327 817
29087 57366 4667
1340 16851 1965
11662 26493 22
29309 50049 65
29873 59961 5903
2454 36089 5942
27531 54457 4424
9318 16265 269
24307 57328 1908
21136 52831 1013
26809 31468 115
12290 41442 5557
29152 59327 5997
14708 21686 1346
13712 26303 1492
16439 24972 115
29704 40314 723
25269 38013 1053
26423 55536 239
17659 56485 4867
21196 51093 4487
12158 37350 2634
18392 37164 1147
10647 59735 3926
30807 37920 603
10 13 19 20 11 20 18 15 19 12 18 17 19 16 10 15 10 18 12 17 10 19 17 12 12 18 14 20 20 11 11 10 19 11 12 12 14 16 18 15 15 14 20 11 13 20 10 14 20 19 17 15 20 16 11 12 13 13 16 13 15 15 15 10 15 11 11 13 10 10 17 11 13 15 20 10 18 16 10 19 15 15 14 18 11 16 11 20 10 14 19 19 15 19 10 19 18 13 13 18 14 17 18 20 18 12 16 15 19 11 15 11 12 14 16 16 20 10 12 20 15 14 17 15 17 16 19 16 11 14 17 16 14 13 15 11 13 14 11 18 10 10 15 15 10 12 18 20 19 15 19 20 10 10 10 11 13 18 15 12 12 16 13 11 18 13 20 16 11 17 12 17 10 18 12 12 16 16 11 18 15 10 18 15 14 15 16 15 18 17 14 18 13 13 14 15 11 16 18 13 10 11 13 17 15 17 19 17 10 12 14 11 11 13 15 15 12 18 12 16 13 15 11 15 13 10 11 12 13 13 20 10 11 11 11 16 10 15 18 11 17 17 16 20 13 13 16 14 14 18 14 11 14 15 20 12 15 13 15 13 10 15 11 19 20 19 18 19 10 14 20 20 18 17 15 14 19 17 17 12 13 17 13 12 12 19 15 13 16 12 19 12 20 13 14 16 19 17 12 12 14 20 18 14 18 20 10 13 16 15 12 13 19 17 12 16 15 20 10 14 20 14 10 20 19 18 13 14 14 18 16 12 15 17 12 19 17 19 20 17 17 14 20 14 16 13 14 11 12 17 13 10 13 11 15 20 14 11 20
20 17 14 10 11 16 16 12 10 19 15 19 11 13 15 16 19 18 12 12 13 15 14 16 11 13 20 14 19 10 13 11 13 10 17 12 20 16 15 12 19 10 19 10 18 19 15 11 12 18 15 14 20 12 19 19 18 11 15 12 19 11 10 19 17 10 12 17 15 18 15 19 18 16 18 16 18 16 11 18 15 20 15 10 11 17 15 14 14 17 19 14 11 15 15 17 17 12 17 19 11 19 15 12 14 20 19 11 15 13 11 14 20 20 16 14 10 15 17 19 13 10 16 18 17 18 19 12 14 14 16 18 10 16 19 18 18 20 13 16 19 15 16 14 16 13 11 14 16 18 17 17 11 19 17 13 11 20 11 15 14 14 18 19 19 18 10 14 12 11 18 20 14 20 11 14 16 17 18 12 11 14 19 13 12 13 14 20 17 16 17 13 20 11 14 12 15 20 17 15 19 13 16 15 10 11 10 20 19 14 12 15 13 16 12 20 12 10 20 14 11 19 13 13 15 10 14 12 15 10 13 12 11 19 14 14 11 18 20 17 20 10 13 16 15 20 14 15 15 12 16 17 17 15 15 14 12 13 10 10 10 15 12 18 20 19 14 16 17 11 18 11 15 11 11 12 14 19 14 19 17 17 14 16 18 13 12 15 17 13 14 12 16 15 14 12 20 17 12 15 20 14 14 19 10 14 11 18 16 20 17 20 10 12 18 11 18 10 18 12 11 12 15 15 11 12 18 20 11 10 13 20 10 15 19 14 12 12 15 18 15 15 12 19 13 18 17 10 13 19 10 18 10 16 13 16 14 20 14
20 170
